# Created by Octave 3.6.2, Sat May 04 16:58:09 2013 MSK <mi@meow.site>
# name: beta
# type: global matrix
# rows: 1
# columns: 112
 1.027764521794153 2.338869057105614 4.569504998879268 6.267371751622988 7.905608831600976 10.15672188501222 11.30176242466433 13.795340270804 14.95400890062912 17.17827899556025 18.84429506163462 20.49256121988757 22.73032206173403 23.87847782175405 26.36934381674392 27.52446013491018 29.75114406074746 31.41277051370008 33.06383851568563 35.29877577971086 36.44804927955731 38.93841978337034 40.09235070075258 42.32015066246851 43.98004294584855 45.63241131107671 47.86613611604437 49.01597820918425 51.50617577682598 52.65951535205706 54.88795011367066 56.54691452558501 58.2000326919125 60.4330849851237 61.58327082793576 64.07338843594653 65.22637389327745 67.45521718438134 69.11360392372474 70.76720972459178 72.99983482833369 74.15025080989463 76.64032500560744 77.79307473476392 80.02220270510182 81.68019522975544 83.33414348985416 85.56647331293091 86.71705412294135 89.20710214997989 90.3596836949454 92.58902131717068 94.24672768215999 95.90092964123352 98.13304320971829 99.28374787222009 101.7737789178954 102.9262344385253 105.1557328584359 106.8132220546471 108.4676194946037 110.6995678725407 111.8503689954744 114.3403884003625 115.4927459734247 117.7223716179596 119.3796903717087 121.0342430482374 123.2660611319111 124.4169395046996 126.9069505835639 128.0592298450634 130.2889586533175 131.9461400787101 133.6008190135227 135.8325317035184 136.9834733317361 139.4734782504604 140.6256934712397 142.8555076162086 144.5125760304497 146.1673596667812 148.3989853481517 149.54997972499 152.0399799587892 153.1921418349014 155.4220277393924 157.0790015282796 158.7338733936415 160.965426031755 162.1164650658832 164.6064616533683 165.7585784080194 167.9885254951881 169.6454188945459 171.3003661225305 173.5318565676675 174.682933897035 177.1729275922046 178.3250056835578 180.5550055543647 182.2118298123346 183.8668421576486 186.0982790129946 187.2493895443844 189.7393809060321 190.8914254973398 193.1214713710116 194.7782355303631 196.4333047042356 198.6646949018108 199.8158344956802


