# Created by Octave 3.2.4, Sat Nov 24 16:21:21 2012 MSK <ulitochka@ulitochka-HP-620>
# name: beta
# type: global matrix
# rows: 1
# columns: 3074
 1e-07 0.03124453682763672 0.03137773995263671 0.03159839806420899 0.03190455345971679 0.03229357476098633 0.03276226219995117 0.03330695443017577 0.03392364601953125 0.03460809197290039 0.0353559076772461 0.03616264901025391 0.03702387947900392 0.03793521294458008 0.03889234795434571 0.0398910868154297 0.04092735161645508 0.04199720558984375 0.04309690499169921 0.04422300057275391 0.04537250847680664 0.04654315667016601 0.04773362221582031 0.04894362969262694 0.05017375664575195 0.05142494759423828 0.05269794487817383 0.05399290795190429 0.05530932793481446 0.05664617180688477 0.0580020975576172 0.05937564720971678 0.06076537422998046 0.06216991677148438 0.06358802590234372 0.06501857704980468 0.06646055931909181 0.06791307015283204 0.06937530083520507 0.07084652809960938 0.07232609810693359 0.07381342263085938 0.07530796913964846 0.07680925240380861 0.07831682991845704 0.07983029885156248 0.08134928765161134 0.08287345528466797 0.08440248665673829 0.08593609108789063 0.08747399773461914 0.0890159563527832 0.09056173119409178 0.09211110482080082 0.09366387123925782 0.09521983742578127 0.09677882180078123 0.09834065117700194 0.09990516152246093 0.1014721964345703 0.1030416071401367 0.1046132479177246 0.1061869783864746 0.1077626619802246 0.109340162895752 0.1109193476186523 0.112500081871582 0.1140822275625 0.1156656450734863 0.1172501871572266 0.1188356989370117 0.1204220148549805 0.1220089525686035 0.1235963114248047 0.1251838648305664 0.1267713549123535 0.1283584841237793 0.1299449022756348 0.1315301973806153 0.1331138796315918 0.1346953684316406 0.1362739809499512 0.13784892678125 0.1394193338857422 0.1409843050466308 0.142543059013916 0.1440951639638672 0.1456408586965332 0.1471813692556153 0.148719010399414 0.1502568888173828 0.1517982294545898 0.1533456362233887 0.1549006700979004 0.1564638498769532 0.1580349237905274 0.1596132090078125 0.1611978472219238 0.1627879747854004 0.1643827997670899 0.1659816324697266 0.1675838900075683 0.1691890863881836 0.1707968172536621 0.1724067499624024 0.174018604515625 0.1756321505056152 0.1772471926198731 0.1788635653005371 0.180481128166748 0.1820997583852539 0.1837193521962891 0.1853398157583008 0.1869610674367676 0.188583033989502 0.190205648277832 0.191828850029541 0.1934525820241699 0.1950767908559571 0.1967014269338379 0.198326440666748 0.1999517847524414 0.2015774111257325 0.203203272484375 0.2048293184743652 0.2064554995046387 0.2080817606435547 0.2097080446706543 0.2113342882619629 0.2129604235158691 0.2145863726125488 0.2162120501027832 0.2178373568044434 0.2194621790395508 0.22108638481958 0.2227098185048828 0.2243322954641113 0.2259535967336426 0.2275734583364258 0.2291915613637695 0.2308075190053711 0.2324208635793457 0.2340310312734375 0.2356373514638672 0.2372390467153321 0.2388352556691895 0.2404251055227051 0.2420078585134277 0.2435831652150879 0.2451513964162598 0.2467139521108399 0.248273324059082 0.2498327478872071 0.2513954821096191 0.2529640825734862 0.2545400179372559 0.2561237184987793 0.2577148722158202 0.2593127603994141 0.2609165171132812 0.2625252817617187 0.2641382715688477 0.2657548128591309 0.2673743387685547 0.2689963778005371 0.2706205416188965 0.2722465113149414 0.2738740206228027 0.2755028513417969 0.2771328203664551 0.2787637735830079 0.2803955805288085 0.2820281298146973 0.2836613253103027 0.2852950846181641 0.2869293322072755 0.2885640047536621 0.2901990427480468 0.2918343920217286 0.2934700029836426 0.2951058298574218 0.2967418276296386 0.2983779528127442 0.3000141634450684 0.3016504160390625 0.3032866678701172 0.3049228731618652 0.3065589838491211 0.3081949488149415 0.3098307116018066 0.3114662111745606 0.3131013781057129 0.3147361345754395 0.3163703913198242 0.318004045342041 0.3196369753347168 0.3212690416799316 0.3229000742421875 0.3245298738942871 0.3261581980214843 0.3277847559438476 0.3294091928945312 0.331031079338623 0.332649894951416 0.3342650156484375 0.3358757082448731 0.3374811418996583 0.3390804338918457 0.3406727671132812 0.3422575907216797 0.3438349314199219 0.3454057352529297 0.3469720606313477 0.3485369181142578 0.350103671501709 0.3516752596364746 0.3532536371694336 0.3548396486745605 0.356433252953125 0.3580338633046875 0.3596406488881836 0.3612527300344238 0.3628692842946777 0.364489590691162 0.3661130350576172 0.3677391077504883 0.3693673876271973 0.3709975260244141 0.3726292391286622 0.3742622889028321 0.3758964792714843 0.3775316446767579 0.3791676477895508 0.3808043695913086 0.382441708611084 0.3840795786367187 0.3857179026113281 0.3873566118703614 0.3889956476674804 0.3906349543081056 0.3922744814382325 0.3939141825185547 0.3955540125356446 0.3971939287648926 0.398833889244629 0.4004738520131835 0.4021137743459474 0.4037536112294922 0.4053933176503906 0.4070328440175782 0.4086721346364747 0.4103111315236817 0.4119497690664062 0.4135879709707031 0.4152256525502931 0.4168627153859863 0.4184990450368652 0.420134505699707 0.4217689386831055 0.4234021524892578 0.4250339189992676 0.4266639597402344 0.4282919405446777 0.4299174524770508 0.4315400019155273 0.4331589930043945 0.4347737215505371 0.4363833803640137 0.4379870913015137 0.4395840029226074 0.4411734652028809 0.4427553156362305 0.4443302217946777 0.4458999445424804 0.4474672846303711 0.4490355928884278 0.4506080004201661 0.4521867632375488 0.4537730165944825 0.4553669268117675 0.4569680208669433 0.4585755075917969 0.4601885065541993 0.4618061716542969 0.4634277513967285 0.4650526033864747 0.4666801889882812 0.4683100641713868 0.4699418627248535 0.4715752840505371 0.4732100794301758 0.4748460405812988 0.4764829966054688 0.4781208010183104 0.4797593317495118 0.4813984827504884 0.4830381647573243 0.484678297661377 0.4863188112722168 0.487959645317627 0.489600741814209 0.4912420504079589 0.4928835237966309 0.4945251169667969 0.4961667864309083 0.497808490227295 0.4994501856313477 0.5010918322072753 0.5027333841787109 0.5043747972951662 0.5060160219655763 0.5076570055471192 0.5092976908193361 0.5109380121694336 0.512577897118164 0.5142172625051269 0.5158560137258301 0.5174940386281737 0.5191312082753905 0.520767367027832 0.5224023325429689 0.5240358828054199 0.5256677515493164 0.5272976168142089 0.5289250856862793 0.5305496820913086 0.5321708322988282 0.5337878542409669 0.5353999575124511 0.5370062754140625 0.5386059374318848 0.5401982332692872 0.5417828752980958 0.5433603357778319 0.5449321474538573 0.5465009294973144 0.5480699823842774 0.5496425478444824 0.5512210955129395 0.5528069864736329 0.5544005587087402 0.5560014391408692 0.5576088793264162 0.5592220026479493 0.5608399500356446 0.5624619463430174 0.5640873270498047 0.5657155336843263 0.5673461031423339 0.56897865624292 0.5706128778920899 0.5722485094533691 0.5738853373037107 0.5755231813894042 0.5771618921743165 0.5788013430104981 0.5804414240346679 0.5820820436940919 0.5837231195913086 0.58536458001001 0.5870063623891602 0.5886484102712402 0.5902906702504882 0.5919330942617188 0.593575637291504 0.5952182558522947 0.5968609072194826 0.5985035501943359 0.6001461428151857 0.601788640831543 0.6034309992299804 0.6050731699453127 0.6067151003347169 0.6083567347036134 0.6099980082021486 0.6116388506398927 0.6132791803823241 0.6149189043508301 0.6165579149709473 0.6181960848317871 0.6198332636342774 0.6214692736135257 0.6231039011464843 0.6247368868337402 0.6263679186330566 0.6279966158376464 0.6296225183950195 0.6312450685964357 0.6328636026845703 0.6344773470388185 0.6360854425893553 0.6376870119558105 0.6392813021169435 0.6408679316030272 0.6424472261892091 0.6440205301748047 0.6455902986989746 0.6471597696767578 0.6487322496877441 0.6503103739248047 0.6518956911550293 0.653488691185547 0.6550890924916992 0.6566961901174315 0.6583091143117676 0.6599269968496093 0.6615490457998049 0.6631745768056641 0.6648030153737794 0.6664338831411134 0.6680667871938477 0.669701403282715 0.6713374643789063 